seed_bank,source_url,extraction_methods_used,scraped_at,seed_type,growth_type,genetics,cannabis_type,flowering_time,yield,terpene_profile,breeder_name,about_info,strain_name,data_completeness_score,quality_tier,effects,strain_type,indica_sativa_cbd,plant_height,height,thc_content,cbd_content
North Atlantic Seed Company,https://www.northatlanticseed.com/product/new-zweet-og-r2-f/,"['structured', 'description', 'patterns', 'fallback']",2026-01-09T23:58:07.983234,Feminized,Photoperiod,"> ZWEET OG R2 (ZWEET OG #23 x ZWEET OG #8)

Strong & Vigorous
Great for Extractions
High Yield

Zweet OG R2 is extremely potent with her terpene profile is a delightful mix of gas, chem, and lemon lime candy",Feminized Photoperiod,60 - 70 days,"Zweet OG R2 is extremely potent with her terpene profile is a delightful mix of gas, chem, and lemon lime candy","Heavy Gas, Chem, Lemon Lime Candy",Ethos Genetics,Buy Zweet OG R2 (F) online from North Atlantic Seed Co. Voted #1 by the ICA Cannabis Awards. Fast shipping & premium genetics.,New Zweet Og R2 F,77.1,High,,,,,,,
North Atlantic Seed Company,https://www.northatlanticseed.com/product/zweet-inzanity-rBX-f/,"['structured', 'description', 'patterns', 'fallback']",2026-01-09T23:58:08.223843,Feminized,Photoperiod,"> ZWEET INZANITY RBX (ZWEET INZANITY* #22 x DURBAN POISON**)
*Zweet Inzanity is Durban Poison x (Gorilla Glue #4 x Citral Skunk)
**The Colorado Cut


Great for Extractions
Pathogen Resistant
High Yield
Pungent Terpenes

This inzanely vigorous plant stacks monster flowers—she grows like a classic large Dutch Skunk",,60 - 70 days,"Pungent Terpenes

This inzanely vigorous plant stacks monster flowers—she grows like a classic large Dutch Skunk","Powdered Sugar, Sweet Citrus, Sour Gasoline",Ethos Genetics,Buy Zweet Inzanity Rbx (F) online from North Atlantic Seed Co. Voted #1 by the ICA Cannabis Awards. Fast shipping & premium genetics.,Zweet Inzanity Rbx F,72.3,High,,,,,,,
North Atlantic Seed Company,https://www.northatlanticseed.com/product/zweet-auto/,"['structured', 'description', 'patterns', 'fallback']",2026-01-09T23:58:08.442561,Feminized,Autoflower,"> ZWEET AUTO (ZWEET INZANITY X DURBAN AUTO)

Uplifting Effect
Strong & Vigorous
High Yield
Beginner Friendly

Zweet Auto likes to get BIG! She has significant distinction compared to her stable mates, taking on the vigor, flowering time and bud size from her Zweet mom",,85 - 100 days,"Beginner Friendly

Zweet Auto likes to get BIG! She has significant distinction compared to her stable mates, taking on the vigor, flowering time and bud size from her Zweet mom","Lemon Lime Candy, Sour Fuel, Sweet Citrus",Ethos Genetics,Buy Zweet Auto RBx2 online from North Atlantic Seed Co. Voted #1 by the ICA Cannabis Awards. Fast shipping & premium genetics.,Zweet,78.3,High,"Strong & Vigorous
High Yield
Beginner Friendly

Zweet Auto likes to get BIG! She has significant distinction compared to her stable mates, taking on the vigor, flowering time and bud size from her Zweet mom",,,,,,
North Atlantic Seed Company,https://www.northatlanticseed.com/product/zuzu-fruit/,"['structured', 'description', 'patterns', 'fallback']",2026-01-09T23:58:08.647011,Regular,Photoperiod,Wedding Cake X Sprinklez,Regular M/F Photoperiod,55 - 65 days,Heavy,,Secret Society Seed Co.,Buy Zuzu Fruit (R) online from North Atlantic Seed Co. Voted #1 by the ICA Cannabis Awards. Fast shipping & premium genetics.,Zuzu Fruit,69.9,High,,,,,,,
North Atlantic Seed Company,https://www.northatlanticseed.com/product/zushi-verde-f-ships-late-september/,"['structured', 'description', 'patterns', 'fallback']",2026-01-09T23:58:08.868585,Feminized,Photoperiod,"Berry Verde x Blue Zushi
Type: Hybrid
Seed Type: Feminized
Flowering: 8-9 weeks
Yield: High
Characteristics: Exotic and creamy with vibrant berry overtones, subtle citrus, and a smooth “Z”-style finish",,8-9 weeks,"High
Characteristics: Exotic and creamy with vibrant berry overtones, subtle citrus, and a smooth “Z”-style finish","Sweet Berry Candy, Zesty Citrus, Pine, Funky Kush, Earthy Mint",Elev8 Seeds,Buy Zushi Verde (F) online from North Atlantic Seed Co. Voted #1 by the ICA Cannabis Awards. Fast shipping & premium genetics.,Zushi Verde F Ships Late September,88,Premium,"This hybrid offers a smooth, joyful lift that promotes creativity and sociability, quickly mellowing into a calm, joyful high",Hybrid,,,,,
North Atlantic Seed Company,https://www.northatlanticseed.com/product/zushi-supreme-blue-zushi-s1-f-ships-late-september/,"['structured', 'description', 'patterns', 'fallback']",2026-01-09T23:58:09.095672,Feminized,Photoperiod,"Blue Zushi x Blue Zushi
Type: Hybrid
Seed Type: Feminized
Flowering: 8-9 weeks
Yield: Medium to High
Characteristics: This is pure Zushi essence — dripping with blueberry kush, Z candy, and a hit of spiced gas",,8-9 weeks,"Medium to High
Characteristics: This is pure Zushi essence — dripping with blueberry kush, Z candy, and a hit of spiced gas","Creamy Blueberry, Sour Candy, Subtle Kushy Gas",Elev8 Seeds,Buy Zushi Supreme (Blue Zushi S1) (F) online from North Atlantic Seed Co. Voted #1 by the ICA Cannabis Awards. Fast shipping & premium genetics.,Zushi Supreme Blue Zushi S1 F Ships Late September,88,Premium,"Zushi Supreme delivers a happy, clear-headed high that gradually melts into full-body relaxation",Hybrid,,,,,
North Atlantic Seed Company,https://www.northatlanticseed.com/product/zushi-kuro-flimited-ships-late-november/,"['structured', 'description', 'patterns', 'fallback']",2026-01-09T23:58:09.291518,Feminized,Photoperiod,"> ZUSHI KURO (BLACK CHERRY PIE X BLUE ZUSHI)

A high-octane collection built on the unmistakable Blue Zushi foundation — where elegance collides with raw power",,,,,In House Genetics,Buy Zushi Kuro (F) [LIMITED] [SHIPS MID JANUARY] online from North Atlantic Seed Co. Voted #1 by the ICA Cannabis Awards. Fast shipping & premium genetics.,Zushi Kuro Flimited Ships Late November,48.2,Medium,,,,,,,
North Atlantic Seed Company,https://www.northatlanticseed.com/product/zunderdog-r/,"['structured', 'description', 'patterns', 'fallback']",2026-01-09T23:58:09.480371,Regular,Photoperiod,"> ZUNDERDOG (LHB X ZELATTI)

The gassiest of the bunch",Regular M/F Photoperiod,65 - 75 days,Average,"Gassy, Candy, Fuel",Cannarado Genetics,Buy Zunderdog (R) online from North Atlantic Seed Co. Voted #1 by the ICA Cannabis Awards. Fast shipping & premium genetics.,Zunderdog R,84.3,Premium,,,Hybrid,Tall,,,
North Atlantic Seed Company,https://www.northatlanticseed.com/product/zundaya-r/,"['structured', 'description', 'patterns', 'fallback']",2026-01-09T23:58:09.713149,Regular,Photoperiod,"> ZUNDAYA (SUNDAE DRIVER X PAPAYA X ZAWTX BX1)

Extreme tropical phenos with some crossing over to the candy chem fuel realm",Regular M/F Photoperiod,60 - 70 days,s,Extreme Tropical with Candy Chem Fuel,Cannarado Genetics,Buy Zundaya (R) online from North Atlantic Seed Co. Voted #1 by the ICA Cannabis Awards. Fast shipping & premium genetics.,Zundaya R,77.1,High,,,,Medium/Tall,,,
North Atlantic Seed Company,https://www.northatlanticseed.com/product/ztrawberry-f/,"['structured', 'description', 'patterns', 'fallback']",2026-01-09T23:58:09.887030,Feminized,Photoperiod,Runtz x A,,"56 - 70 days, Outdoor: Late September to Early October","High

OUTDOOR 
Harvest: End September","Red Fruit, Strawberry, Pungent, Earthy, Sweet",Greenhouse Seed Co.,Buy Ztrawberry (F) online from North Atlantic Seed Co. Voted #1 by the ICA Cannabis Awards. Fast shipping & premium genetics.,Ztrawberry F,89.2,Premium,,Indica Dominant (60%+),,160-28-cm,"160-280cm

The Ztrawberry is a mix of one of the most classic strains from the Green House Seeds catalog, the AMS, which is known among growers for its mold resistance in extreme conditions and its amazing red fruit taste, and our selection of Runtz",,
North Atlantic Seed Company,https://www.northatlanticseed.com/product/ztrawberriez-auto/,"['structured', 'description', 'patterns', 'fallback']",2026-01-09T23:58:10.095570,Feminized,Autoflower,between two Cali varieties known for their outstanding terpene profiles and potency,,60 - 70 days,s of up to 600g/m2 of gorgeous frosty flowers in 9-10 weeks without any extra maintenance,"Sweet, Creamy, Berries, Lemony Understones",Fast Buds,Buy Ztrawberriez Auto online from North Atlantic Seed Co. Voted #1 by the ICA Cannabis Awards. Fast shipping & premium genetics.,Ztrawberriez,95.2,Premium,with a slight Indica dominance,Sativa Dominant (60%+),,27 – 47 inches,,,
North Atlantic Seed Company,https://www.northatlanticseed.com/product/new-ztarfighter-f3-r/,"['structured', 'description', 'patterns', 'fallback']",2026-01-09T23:58:10.315255,Regular,Photoperiod,Ztarfighter X Ztarfighter,Regular M/F Photoperiod,65 - 75 days,Massive,"Vanilla Cream, Brown Sugar, Caramel, Sandalwood, Rosemary",Omuerta Genetix,Buy Ztarfighter F3 (R) online from North Atlantic Seed Co. Voted #1 by the ICA Cannabis Awards. Fast shipping & premium genetics.,New Ztarfighter F3 R,77.1,High,,,Hybrid,,,,
North Atlantic Seed Company,https://www.northatlanticseed.com/product/zpice-f/,"['structured', 'description', 'patterns', 'fallback']",2026-01-09T23:58:10.496694,Feminized,Photoperiod,,,55 - 65 days,Average,"Candy, Floral",Tiki Madman,Buy Zpice (F) online from North Atlantic Seed Co. Voted #1 by the ICA Cannabis Awards. Fast shipping & premium genetics.,Zpice F,72.3,High,,Indica Dominant (60%+),Hybrid,,,,
North Atlantic Seed Company,https://www.northatlanticseed.com/product/zoy-sauce-f-lemon-cherry-sherbert-drop/,"['structured', 'description', 'patterns', 'fallback']",2026-01-09T23:58:10.699372,Feminized,Photoperiod,(Zushi x Lemon Cherry Gelato) x Lemon Cherry Sherbert,Feminized Photoperiod,,,,LIT Farms,Buy Zoy Sauce (F) [LEMON CHERRY SHERBERT DROP] online from North Atlantic Seed Co. Voted #1 by the ICA Cannabis Awards. Fast shipping & premium genetics.,Zoy Sauce F Lemon Cherry Sherbert,53,Medium,,,,,,,
North Atlantic Seed Company,https://www.northatlanticseed.com/product/zourz-s1-f/,"['structured', 'description', 'patterns', 'fallback']",2026-01-09T23:58:10.908224,Feminized,Photoperiod,at affordable prices,Feminized Photoperiod,,"Medium
Terpene Profile: Limonene, Linalool, B-caryophyllene
Flavor Profile: Sweet Candy, Gas, Lemon

Feminized Photoperiod

 

Retail Bulk Price Tier

Buy 4 or more 50 packs and receive 30% off ($2",,NASC Exclusives,Buy Zourz S1 (F) online from North Atlantic Seed Co. Voted #1 by the ICA Cannabis Awards. Fast shipping & premium genetics.,Zourz S1 F,60.2,High,,,,,,,
North Atlantic Seed Company,https://www.northatlanticseed.com/product/zour-mints-f/,"['structured', 'description', 'patterns', 'fallback']",2026-01-09T23:58:11.135543,Feminized,Photoperiod,at affordable prices,Feminized Photoperiod,,"Very High
Terpene Profile: Limonene, C-carophylene, Linalool
Flavor Profile: Gas, Cleaner, Sour Citrus, Fuel

Zourz (Lemon Fuel OG x Zookies)

Genetics: Lemon Fuel OG x Zookies
Indica/Sativa/CBD: Hybrid
Yield: Medium
Terpene Profile: Limonene, Linalool, B-caryophyllene
Flavor Profile: Sweet Candy, Gas, Lemon

Feminized Photoperiod

 

Retail Bulk Price Tier

Buy 4 or more 50 packs and receive 30% off ($2",,NASC Exclusives,Buy Zour Mints (F) online from North Atlantic Seed Co. Voted #1 by the ICA Cannabis Awards. Fast shipping & premium genetics.,Zour Mints F,60.2,High,,,,,,,
North Atlantic Seed Company,https://www.northatlanticseed.com/product/zour-diesel-f/,"['structured', 'description', 'patterns', 'fallback']",2026-01-09T23:58:11.317261,Feminized,Photoperiod,"> ZOUR DIESEL (WEASEL'S DIESEL X ZBX)

Loud & Unmistakable
Large Yields
Balanced aroma & structure
Unique terpene & growth profile

About:
Zour Diesel emerges as a sativa-leaning strain, a vibrant fusion that combines the robust characteristics of Weasel’s Diesel with the unique terpene profile of ZBX",Feminized Photoperiod,70 - 80 days,"s
Balanced aroma & structure
Unique terpene & growth profile

About:
Zour Diesel emerges as a sativa-leaning strain, a vibrant fusion that combines the robust characteristics of Weasel’s Diesel with the unique terpene profile of ZBX","Burnt Tire, Gas, Lemon Blossom, Lime Soda, Nose Burning, Ruby Red Grapefruit, Sweet Lemon Lime Candy",James Loud Genetics,Buy Zour Diesel (F) online from North Atlantic Seed Co. Voted #1 by the ICA Cannabis Awards. Fast shipping & premium genetics.,Zour Diesel F,100,Premium,", Weasel’s Diesel imparts to Zour Diesel a solid foundation, both in terms of growth vigor and olfactory appeal",Sativa Dominant (60%+),Sativa Dominant Hybrid,Tall,,,
North Atlantic Seed Company,https://www.northatlanticseed.com/product/zombie-df-f/,"['structured', 'description', 'patterns', 'fallback']",2026-01-09T23:58:11.566304,Feminized,Photoperiod,the many breeders we work with,,55 - 70 Days,when it is fed with all the hours of sunshine outdoors,"Alpha Cedrene, Alpha-bisabolol, Alpha-Pinene, Beta-Caryophyllene, Borneol, Cadinene, Camphene, Citral, Eugenol, Farnesene, Fenchol, Humulene, Myrcene, Ocimene, Terpineol",Bulk White Label,Buy Zombie D.F. (F) online from North Atlantic Seed Co. Voted #1 by the ICA Cannabis Awards. Fast shipping & premium genetics.,Zombie Df F,89.2,Premium,,Hybrid,,4.92 ft,,,
North Atlantic Seed Company,https://www.northatlanticseed.com/product/zoap-mintz-f-presale/,"['structured', 'description', 'patterns', 'fallback']",2026-01-09T23:58:11.759799,Feminized,Photoperiod,Kush Mintz X Zoap,Feminized Photoperiod,,,,LIT Farms,Buy Zoap Mintz (F) online from North Atlantic Seed Co. Voted #1 by the ICA Cannabis Awards. Fast shipping & premium genetics.,Zoap Mintz F Presale,53,Medium,,,,,,,
North Atlantic Seed Company,https://www.northatlanticseed.com/product/zoap-f-2/,"['structured', 'description', 'patterns', 'fallback']",2026-01-09T23:58:11.970562,Feminized,Photoperiod,the many breeders we work with,,60 - 70 days,"Indoors: 500 – 550 gr/m2;
Outdoors: 500 – 550 gr/plant","Caryophyllene, Myrcene, Terpineol, Linalool, Humelene, Eucalyptol",Pick and Mix,Buy Zoap (F) online from North Atlantic Seed Co. Voted #1 by the ICA Cannabis Awards. Fast shipping & premium genetics.,Zoap F 2,95.2,Premium,of an indica and the effects of a sativa,Hybrid,,4.92 ft,,24%,
North Atlantic Seed Company,https://www.northatlanticseed.com/product/zoap-f-3/,"['structured', 'description', 'patterns', 'fallback']",2026-01-09T23:58:12.169230,Feminized,Photoperiod,of Pink Guava #16 and Rainbow Sherbet in a balanced ratio (50/50),,65 - 75 days,s up to 600g/m² under optimal conditions,"Sweet Citrus, Fruity, Earthy, Floral",Barney's Farm,Buy Zoap (F) online from North Atlantic Seed Co. Voted #1 by the ICA Cannabis Awards. Fast shipping & premium genetics.,Zoap F 3,95.2,Premium,manifest through distinct phases of experience,Hybrid,,"Indoor: 120 cm
Outdoor: 200 cm","s of 120cm, producing substantial yields up to 600g/m² under optimal conditions",,
North Atlantic Seed Company,https://www.northatlanticseed.com/product/zoap-f/,"['structured', 'description', 'patterns', 'fallback']",2026-01-09T23:58:12.358839,Feminized,Photoperiod,between Rainbow Sherbet x Pink Guava,"Feminized Photoperiod, Hybrid Feminized, Hybrid Photoperiod",56 - 70 days,Medium,"Caryophyllene, Limonene, Linalool",Blimburn Seeds,Buy Zoap (F) online from North Atlantic Seed Co. Voted #1 by the ICA Cannabis Awards. Fast shipping & premium genetics.,Zoap F,92.8,Premium,Zoap gives off an amazing terpene profile,Hybrid,,,,.,
North Atlantic Seed Company,https://www.northatlanticseed.com/product/zlush-runtz/,"['structured', 'description', 'patterns', 'fallback']",2026-01-09T23:58:12.584591,Regular,Photoperiod,Zlushi x Runtz IBL,Regular M/F Photoperiod,,,,Tiki Madman,Buy Zlush Runtz (R) online from North Atlantic Seed Co. Voted #1 by the ICA Cannabis Awards. Fast shipping & premium genetics.,Zlush Runtz,53,Medium,,,,,,,
North Atlantic Seed Company,https://www.northatlanticseed.com/product/zingerz-r/,"['structured', 'description', 'patterns', 'fallback']",2026-01-09T23:58:12.770352,Regular,Photoperiod,"> ZINGERZ (LPC75 X ZELATTI)

Fun one to grow",Regular M/F Photoperiod,60 - 70 days,Average/High,"Fruity, Candy",Cannarado Genetics,Buy Zingerz (R) online from North Atlantic Seed Co. Voted #1 by the ICA Cannabis Awards. Fast shipping & premium genetics.,Zingerz R,84.3,Premium,,,,Medium/Tall,,,
North Atlantic Seed Company,https://www.northatlanticseed.com/product/zinfandel-auto-limited/,"['structured', 'description', 'patterns', 'fallback']",2026-01-09T23:58:12.987134,Feminized,Autoflower,"> ZINFANDEL AUTO (PINOT NOIR X WALTER WHITE BX1)

Zinfandel is a connoisseur's delight, elegantly offering a complex profile of berry and earthy flavours",,,,,Mephisto Genetics Autos,Buy Zinfandel Auto [LIMITED] online from North Atlantic Seed Co. Voted #1 by the ICA Cannabis Awards. Fast shipping & premium genetics.,Zinfandel Auto Limited,57.8,Medium,,Indica Dominant (60%+),,,,,
North Atlantic Seed Company,https://www.northatlanticseed.com/product/zilly-string-f/,"['structured', 'description', 'patterns', 'fallback']",2026-01-09T23:58:13.206487,Feminized,Photoperiod,at affordable prices,Feminized Photoperiod,,"Medium
Terpene Profile: Limonene, Linalool, B-caryophyllene
Flavor Profile: Sweet Candy, Gas, Lemon

Feminized Photoperiod

 

Retail Bulk Price Tier

Buy 4 or more 50 packs and receive 30% off ($2",,NASC Exclusives,Buy Zilly String (F) online from North Atlantic Seed Co. Voted #1 by the ICA Cannabis Awards. Fast shipping & premium genetics.,Zilly String F,60.2,High,,,,,", and it's a vigorous cultivar with some of the hardiest roots we've seen",,
North Atlantic Seed Company,https://www.northatlanticseed.com/product/zillions-f/,"['structured', 'description', 'patterns', 'fallback']",2026-01-09T23:58:13.404382,Feminized,Photoperiod,Original Z X Lemon Cherry Gelato,,60 - 70 days,s,"Citrus Peel, Berries",Barney's Farm,Buy Zillions (F) online from North Atlantic Seed Co. Voted #1 by the ICA Cannabis Awards. Fast shipping & premium genetics.,Zillions F,88,Premium,"profile makes Zillions ideal for artistic endeavors, social gatherings, and unwinding after a long day",Hybrid,,"Indoor: 100-120cm
Outdoor: 150-180cm",", both indoors and outdoors, so light trimming is required to maintain airflow",.,
North Atlantic Seed Company,https://www.northatlanticseed.com/product/zilk-f-limited-lit-4-20-drop/,"['structured', 'description', 'patterns', 'fallback']",2026-01-09T23:58:13.627449,Feminized,Photoperiod,Zoap x Sugar Tab,,,,,LIT Farms,Buy Zilk (F) [LIMITED] [LIT 4/20 DROP] online from North Atlantic Seed Co. Voted #1 by the ICA Cannabis Awards. Fast shipping & premium genetics.,Zilk F Limited Lit 4 20,48.2,Medium,,,,,,,
North Atlantic Seed Company,https://www.northatlanticseed.com/product/z-f/,"['structured', 'description', 'patterns', 'fallback']",2026-01-09T23:58:13.841849,Feminized,Photoperiod,the many breeders we work with,,56 - 70 days,"Indoors: 450 – 500 gr/m²;
Outdoors: 700 gr/plant","Alpha Humulene, Beta Caryophyllene, Beta Pinene, Cineol, Delta-3-carene, D-limonene, Linalool, Limonene, Terpinolene",Bulk White Label,Buy Z (F) online from North Atlantic Seed Co. Voted #1 by the ICA Cannabis Awards. Fast shipping & premium genetics.,Www.Northatlanticseed.Com,89.2,Premium,,"Hybrid, Indica Dominant (60%+)",,3.28 ft,,,
North Atlantic Seed Company,https://www.northatlanticseed.com/product/zerum-f/,"['structured', 'description', 'patterns', 'fallback']",2026-01-09T23:58:14.012600,Feminized,Photoperiod,and Mosca Seeds,Feminized Photoperiod,,,,Mosca Seeds,Buy Zerum (F) online from North Atlantic Seed Co. Voted #1 by the ICA Cannabis Awards. Fast shipping & premium genetics.,Zerum F,53,Medium,,,,,,,
North Atlantic Seed Company,https://www.northatlanticseed.com/product/zero-gravity-x-devil-driver-f/,"['structured', 'description', 'patterns', 'fallback']",2026-01-09T23:58:14.213985,Feminized,Photoperiod,Zero Gravity x Devil Driver,Feminized Photoperiod,,,,Tiki Madman,Buy Zero Gravity x Devil Driver (F) online from North Atlantic Seed Co. Voted #1 by the ICA Cannabis Awards. Fast shipping & premium genetics.,Zero Gravity X Devil Driver F,53,Medium,,,,,,,
North Atlantic Seed Company,https://www.northatlanticseed.com/product/zero-gravity-x-dantes-inferno/,"['structured', 'description', 'patterns', 'fallback']",2026-01-09T23:58:14.400021,Feminized,Photoperiod,Zero Gravity x Dante's Inferno,,,,,Tiki Madman,Buy Zero Gravity x Dante’s Inferno (F) online from North Atlantic Seed Co. Voted #1 by the ICA Cannabis Awards. Fast shipping & premium genetics.,Zero Gravity X Dantes Inferno,48.2,Medium,,,,,,,
North Atlantic Seed Company,https://www.northatlanticseed.com/product/zenith-f/,"['structured', 'description', 'patterns', 'fallback']",2026-01-09T23:58:14.610221,Feminized,Photoperiod,"perfectly sums up our 20 years of fine breeding work with some of the best tropical sativas on the planet: Malawi and Zamal from the African continent, Panama from Central America, and Thai from South East Asia, combining in this complex sativa variety in an exquisitely balanced and perfectly symphonic way",Feminized Photoperiod,70 - 80 days,"s/m2, which produce a strong long-lasting energetic effect, this phenotype being the best expression of euphoric sativa in our catalogue that matures in only 9 weeks (in terms of production, potency, and quality of effects and terpenes)","Rich and complex terpene profile. Mainly contains the following monoterpenes: high terpinolene content, followed by moderate amounts of alpha and beta pinene, beta myrcene, trans-ocimene, limonene and linalool, with traces of delta 3 carene and alpha terpinene. Sesquiterpenes: moderate content in beta caryophyllene and humulene, and alpha bisabolol, guaiol and trans nerolidol in small amounts.",Ace Seeds,Buy DISCONTINUED (temporarily) Zenith (F) [LIMITED] online from North Atlantic Seed Co. Voted #1 by the ICA Cannabis Awards. Fast shipping & premium genetics.,Zenith F,83.1,Premium,) sativa flowers in our catalogue,,100% Sativa,,,,
North Atlantic Seed Company,https://www.northatlanticseed.com/product/pretty-wicked-auto-formerly-zazzafraz-f2-auto/,"['structured', 'description', 'patterns', 'fallback']",2026-01-09T23:58:14.772531,Feminized,Autoflower,between Dutch Passion Mokums Tulip and Wicked Witch,Feminized Autoflower,,", flavor and potency all accessible in one strain",,Magic Strains,Buy Pretty Wicked Auto [Formerly Zazzafraz F2 Auto] online from North Atlantic Seed Co. Voted #1 by the ICA Cannabis Awards. Fast shipping & premium genetics.,Pretty Wicked Auto Formerly Zazzafraz F2,60.2,High,,,,,,,
North Atlantic Seed Company,https://www.northatlanticseed.com/product/zaza-skunk-f/,"['structured', 'description', 'patterns', 'fallback']",2026-01-09T23:58:14.955945,Feminized,Photoperiod,ZaZa X Alpha Skunk,Feminized Photoperiod,,"is pretty large as well, with a strong chemical scent pouring off the plants and mixing with a hint of skunk/lemon zest and piney earth",,Purple Caper Seeds,Buy ZaZa Skunk (F) online from North Atlantic Seed Co. Voted #1 by the ICA Cannabis Awards. Fast shipping & premium genetics.,Zaza Skunk F,60.2,High,,,,,,,
North Atlantic Seed Company,https://www.northatlanticseed.com/product/zamaldelica-x-kali-china-f/,"['structured', 'description', 'patterns', 'fallback']",2026-01-09T23:58:15.142495,Feminized,Photoperiod,"between our Zamaldelica elite mother, sativa of great reputation that in recent years is being considered as one of the best pure sativas in the world, and our 4th generation Kali China elite, our most refined stabilized indica hybrid, which is gaining followers quickly due to the quality of its resins, effects and terpene profiles, and for its exotic and stylized hash plant expression",Feminized Photoperiod,55 - 70 Days,Average - high,"Complex and rich terpene profile in both monoterpenes and sesquiterpenes. It mainly contains the following monoterpenes: high amounts of beta myrcene and alpha pinene, followed by moderate quantities of trans ocimene and beta pinene, and smaller amounts of linalool and limonene. Sesquiterpenes: high amounts of beta-caryophyllene, followed by moderate quantities of alpha-humelene and smaller amounts of bisabolol and caryophyllene oxide.",Ace Seeds,Buy Zamaldelica x Kali China (F) online from North Atlantic Seed Co. Voted #1 by the ICA Cannabis Awards. Fast shipping & premium genetics.,Zamaldelica X Kali China F,83.1,Premium,"and terpene profiles, and for its exotic and stylized hash plant expression",,40% Indica / 60% Sativa,,,,
North Atlantic Seed Company,https://www.northatlanticseed.com/product/new-zamaldelica-auto/,"['structured', 'description', 'patterns', 'fallback']",2026-01-09T23:58:15.309597,Feminized,Autoflower,Zamaldelica (Zamal x Malawi/Thai) Elite x Auto Malawi Northern Lights,Feminized Autoflower,55 - 65 days,,"Candy, Tropical fruits, Liquor, Anise, Musk, Sweet carrots",Ace Seeds,Buy Zamaldelica Auto online from North Atlantic Seed Co. Voted #1 by the ICA Cannabis Awards. Fast shipping & premium genetics.,New Zamaldelica,79.5,High,,Sativa Dominant (60%+),Sativa Dominant Hybrid,,,,
North Atlantic Seed Company,https://www.northatlanticseed.com/product/zamaldelica-r/,"['structured', 'description', 'patterns', 'fallback']",2026-01-09T23:58:15.498232,Regular,Photoperiod,Zamal x Malawi/Thai,Regular M/F Photoperiod,100+ days,Average-High,"Terpinolene, beta myrcene, beta-ocimene, beta pinene, limonene, alpha pinene, linalool, delta 3 carene, and alpha terpinenegamma terpinene",Ace Seeds,Buy Zamaldelica (R) online from North Atlantic Seed Co. Voted #1 by the ICA Cannabis Awards. Fast shipping & premium genetics.,Zamaldelica R,90.4,Premium,", fast flowering and remarkable sweet carrot and floral fragrances, was pollinated by the powerful Golden Tiger in order to create Zamaldelica, a super sativa hybrid with strong uplifting and lysergic effect and amazing vigorous growth",,100% Sativa,Medium,,,
North Atlantic Seed Company,https://www.northatlanticseed.com/product/new-zamaldelica-f/,"['structured', 'description', 'patterns', 'fallback']",2026-01-09T23:58:15.700307,Feminized,Photoperiod,Zamal x Malawi/Thai,Feminized Photoperiod,85 - 100 days,,"Sweet Carrot, Mango, Flowers, Orange",Ace Seeds,Buy Zamaldelica (F) online from North Atlantic Seed Co. Voted #1 by the ICA Cannabis Awards. Fast shipping & premium genetics.,New Zamaldelica F,75.9,High,", fast flowering and remarkable sweet carrot and floral fragrances, was pollinated by the powerful Golden Tiger in order to create Zamaldelica, a super sativa hybrid with strong uplifting and lysergic effect and amazing vigorous growth",,100% Sativa,,,,
North Atlantic Seed Company,https://www.northatlanticseed.com/product/zallah-bread-f/,"['structured', 'description', 'patterns', 'fallback']",2026-01-09T23:58:15.895198,Feminized,Photoperiod,"> ZALLAH BREAD (TK Z x Challah Bread)
Genotype: Mostly Indica
Flowering Time: 8-9 Weeks
Yield: 450-550 g/m2

Feminized Photoperiod","Feminized Photoperiod, Indica Feminized, Indica Photoperiod",56 - 70 days,"450-550 g/m2

Feminized Photoperiod",,DNA Genetics,Buy Zallah Bread (F) online from North Atlantic Seed Co. Voted #1 by the ICA Cannabis Awards. Fast shipping & premium genetics.,Zallah Bread F,79.5,High,,Indica (90%+),,,,,
North Atlantic Seed Company,https://www.northatlanticseed.com/product/zacatecas-tribute-f/,"['structured', 'description', 'patterns', 'fallback']",2026-01-09T23:58:16.059087,Feminized,Photoperiod,Big Sur Holy Weed x Oaxacan Gold,Feminized Photoperiod,"Outdoor: Late September to Early October, 70 - 80 days",,"Pine, Floral, Incense, Hash",Green Mountain Seeds,Buy Zacatecas Tribute (F) online from North Atlantic Seed Co. Voted #1 by the ICA Cannabis Awards. Fast shipping & premium genetics.,Zacatecas Tribute F,85.5,Premium,"Cerebral, very up, trippy, no ceiling, creative, reflective bit trippy no burnout on the come",Sativa Dominant (60%+),Sativa Dominant Hybrid,,,,
North Atlantic Seed Company,https://www.northatlanticseed.com/product/zacatecas-tribute-r/,"['structured', 'description', 'patterns', 'fallback']",2026-01-09T23:58:16.228052,Regular,Photoperiod,Big Sur Holy Weed X Oaxacan Gold,Regular M/F Photoperiod,"Outdoor: Late September to Early October, 70 - 80 days",,"Pine, floral, incense,hash",Green Mountain Seeds,Buy Zacatecas Tribute (R) online from North Atlantic Seed Co. Voted #1 by the ICA Cannabis Awards. Fast shipping & premium genetics.,Zacatecas Tribute R,85.5,Premium,"Cerebral, very up, trippy, no ceiling, creative, reflective bit trippy no burnout on the come",Sativa Dominant (60%+),Sativa Dominant Hybrid,,,,
North Atlantic Seed Company,https://www.northatlanticseed.com/product/z-up-auto/,"['structured', 'description', 'patterns', 'fallback']",2026-01-09T23:58:16.417943,Feminized,Autoflower,"can make her a bit more demanding, but low-stress training (LST) and light defoliation can help maximize yields and control height",,56 - 70 days,s,"Tangy, Sweetly Sour Lime Soda",Fast Buds,Buy Z-up Auto online from North Atlantic Seed Co. Voted #1 by the ICA Cannabis Awards. Fast shipping & premium genetics.,Z Up,88,Premium,", this sativa-dominant hybrid leaves a lasting impression",Sativa Dominant (60%+),,28 - 47 inches,s,,
North Atlantic Seed Company,https://www.northatlanticseed.com/product/new-z-pave-f/,"['structured', 'description', 'patterns', 'fallback']",2026-01-09T23:58:16.655670,Feminized,Photoperiod,"> Z PAVE (ZAWTZ x PAVE)
Feminized Photoperiod",Feminized Photoperiod,,,,Compound Genetics,Buy Z Pavé (F) online from North Atlantic Seed Co. Voted #1 by the ICA Cannabis Awards. Fast shipping & premium genetics.,New Z Pave F,53,Medium,,,,,,,
North Atlantic Seed Company,https://www.northatlanticseed.com/product/original-z-og-auto/,"['structured', 'description', 'patterns', 'fallback']",2026-01-09T23:58:16.831072,Feminized,Autoflower,Original Z Strain x OG Kush x BF Super Auto #1,,70 - 80 days,of up to 550-650g/m²,"Sweet Tropical Earth, Fruity, Berry, Skunky Lemon",Barney's Farm,Buy Original Z OG Auto online from North Atlantic Seed Co. Voted #1 by the ICA Cannabis Awards. Fast shipping & premium genetics.,Original Z Og,89.2,Premium,s,Hybrid,,Indoors: 80-100cm; Outdoors: 100-130cm,80-100cm,,
North Atlantic Seed Company,https://www.northatlanticseed.com/product/z-og-f/,"['structured', 'description', 'patterns', 'fallback']",2026-01-09T23:58:17.021796,Feminized,Photoperiod,OGBX x Grape Z,Feminized Photoperiod,,,Earthy herbs and fruits with a notable cookie effect.,Purple Caper Seeds,Buy Z OG (F) online from North Atlantic Seed Co. Voted #1 by the ICA Cannabis Awards. Fast shipping & premium genetics.,Z Og F,60.2,High,,,,,,,
North Atlantic Seed Company,https://www.northatlanticseed.com/product/z-lime-razzle-f-presale/,"['structured', 'description', 'patterns', 'fallback']",2026-01-09T23:58:17.210619,Feminized,Photoperiod,"brings a creamy, tangy essence that balances out the sharpness, giving it a full-bodied, smooth finish",Feminized Photoperiod,56 - 70 days,"is medium to above average, it doesn’t compromise on quality, producing dense, resin-coated buds that are visually stunning and packed with flavor","Citrus, Raspberry undertones, Hint of Fuel & Gas, Smooth, Creamy Finish",Mosca Seeds,Buy Z Lime Razzle (F) online from North Atlantic Seed Co. Voted #1 by the ICA Cannabis Awards. Fast shipping & premium genetics.,Z Lime Razzle F Presale,86.7,Premium,,Indica Dominant (60%+),Indica Dominant Hybrid,,,,
North Atlantic Seed Company,https://www.northatlanticseed.com/product/z-lime-pie-f-key-lime-pie-drop/,"['structured', 'description', 'patterns', 'fallback']",2026-01-09T23:58:17.403400,Feminized,Photoperiod,Original Z x Key Lime Pie,Feminized Photoperiod,55 - 65 days,,,Sin City Seeds,Buy Z Lime Pie (F) [KEY LIME PIE DROP] online from North Atlantic Seed Co. Voted #1 by the ICA Cannabis Awards. Fast shipping & premium genetics.,Z Lime Pie F Key Lime Pie,62.7,High,,,Hybrid,,,,
North Atlantic Seed Company,https://www.northatlanticseed.com/product/z-gum-bomb-f/,"['structured', 'description', 'patterns', 'fallback']",2026-01-09T23:58:17.581703,Feminized,Photoperiod,(Z x Grapefruit) x Bubble Bomb,Feminized Photoperiod,70 - 80 days,"s of 500-600gr/m² of fruity, bubblegum flavored bud",Bubble Gum,Bomb Seeds,Buy Z Gum Bomb (F) online from North Atlantic Seed Co. Voted #1 by the ICA Cannabis Awards. Fast shipping & premium genetics.,Z Gum Bomb F,100,Premium,within seconds,Sativa Dominant (60%+),Sativa Dominant Hybrid,Medium (90-140cm),"that can reach above 180cm if you are growing indoors, you will need some experience with training Sativas",,
North Atlantic Seed Company,https://www.northatlanticseed.com/product/z-cake-f/,"['structured', 'description', 'patterns', 'fallback']",2026-01-09T23:58:17.745007,Feminized,Photoperiod,Birthday Cake x Grape Z,Feminized Photoperiod,60 - 70 days,"s!

Feminized Photoperiod",,Purple Caper Seeds,Buy Z Cake (F) online from North Atlantic Seed Co. Voted #1 by the ICA Cannabis Awards. Fast shipping & premium genetics.,Z Cake F,69.9,High,,,,,,,
North Atlantic Seed Company,https://www.northatlanticseed.com/product/z-auto-2/,"['structured', 'description', 'patterns', 'fallback']",2026-01-09T23:58:17.941187,Feminized,Autoflower,the many breeders we work with,,55 - 70 Days,"Indoor: 450 - 550 gr/m2;
Outdoor: 70-120 gr/plant","Alpha-Humulene, Beta-Caryophyllene, Beta-Pinene, Cineol, Delta-3-Carene, Delta-limonene, Linalool, Alpha-Pinene, Linonene, Terpinolene",Pick and Mix,Buy Z Auto online from North Atlantic Seed Co. Voted #1 by the ICA Cannabis Awards. Fast shipping & premium genetics.,Z Auto 2,89.2,Premium,,Indica Dominant (60%+),,3.94 ft,,,
North Atlantic Seed Company,https://www.northatlanticseed.com/product/z-auto/,"['structured', 'description', 'patterns', 'fallback']",2026-01-09T23:58:18.114613,Feminized,Autoflower,the many breeders we work with,,55 - 70 Days,"Indoor: 450 - 550 gr/m2;
Outdoor: 70-120 gr/plant","Alpha-Humulene, Beta-Caryophyllene, Beta-Pinene, Cineol, Delta-3-Carene, Delta-limonene, Linalool, Alpha-Pinene, Linonene, Terpinolene",Pick and Mix,Buy Z Auto online from North Atlantic Seed Co. Voted #1 by the ICA Cannabis Awards. Fast shipping & premium genetics.,Z,77.1,High,,Indica Dominant (60%+),,3.94 ft,,,
North Atlantic Seed Company,https://www.northatlanticseed.com/product/z-auto-3/,"['structured', 'description', 'patterns', 'fallback']",2026-01-09T23:58:18.347192,Feminized,Autoflower,,Feminized Autoflower,56 - 70 days,Up to 500gsm,"Sweet, Fruity, Tropical fruit salad, Zesty Lemon, Earthy Undertone, Silky",Auto Seeds,Buy Z Auto online from North Atlantic Seed Co. Voted #1 by the ICA Cannabis Awards. Fast shipping & premium genetics.,Z Auto 3,80.7,Premium,in just 8-10 weeks,,Hybrid,60-100 cm,,,
North Atlantic Seed Company,https://www.northatlanticseed.com/product/yuzu-sour-auto/,"['structured', 'description', 'patterns', 'fallback']",2026-01-09T23:58:18.549104,Feminized,Autoflower,Critical x Lemoncello x Mimosa Auto,Feminized Autoflower,50 - 60 days,"s regardless of vertical space due to her rapid yet wide set growth, this plant can thrive in almost any environment and delivers consistently high yields in a short time, no matter if you are a beginner or pro!

Strong diesel, lemon and mandarin aromas emanate from this plant, and the effects are intensely relaxing and uplifting, satisfying the body and the mind",,Tastebudz,Buy Yuzu Sour Auto online from North Atlantic Seed Co. Voted #1 by the ICA Cannabis Awards. Fast shipping & premium genetics.,Yuzu Sour,75.9,High,"are intensely relaxing and uplifting, satisfying the body and the mind",,,,,,
North Atlantic Seed Company,https://www.northatlanticseed.com/product/illuminauto-85-yogis-stash-f/,"['structured', 'description', 'patterns', 'fallback']",2026-01-09T23:58:18.768495,Feminized,Autoflower,"> ILLUMINAUTO #85 YOGI'S STASH (HUBBABUBBAHAZE X GRIZZLY CRINKLE)

 

Feminized Autoflowering",,,,,Mephisto Genetics Autos,Buy Illuminauto #85 Yogi’s Stash Auto online from North Atlantic Seed Co. Voted #1 by the ICA Cannabis Awards. Fast shipping & premium genetics.,Illuminauto 85 Yogis Stash F,48.2,Medium,,,,,,,
North Atlantic Seed Company,https://www.northatlanticseed.com/product/new-yikes-f/,"['structured', 'description', 'patterns', 'fallback']",2026-01-09T23:58:18.943892,Feminized,Photoperiod,Lemon Cherry Gelato x Falcon-9,Feminized Photoperiod,55 - 65 days,Heavy,,Exotic Genetix,Buy Yikes (F) online from North Atlantic Seed Co. Voted #1 by the ICA Cannabis Awards. Fast shipping & premium genetics.,New Yikes F,86.7,Premium,,Indica Dominant (60%+),Indica Dominant Hybrid,Medium,,,
North Atlantic Seed Company,https://www.northatlanticseed.com/product/yellow-zushi-x-blue-zushi-x-slurricane-44-f-slurricane-44-drop/,"['structured', 'description', 'patterns', 'fallback']",2026-01-09T23:58:19.181671,Feminized,Photoperiod,"> (YELLOW ZUSHI X BLUE ZUSHI) X SLURRICANE #44 ((YELLOW ZUSHI X BLUE ZUSHI) X SLURRICANE #44)

*Pre-release! Full drop restock later this year!

Feminized Photoperiod",,,,,In House Genetics,Buy (Yellow Zushi X Blue Zushi) X Slurricane #44 (F) [Slurricane #44 Drop] online from North Atlantic Seed Co. Voted #1 by the ICA Cannabis Awards. Fast shipping & premium genetics.,Yellow Zushi X Blue Zushi X Slurricane 44 F Slurricane 44,48.2,Medium,,,,,,,
North Atlantic Seed Company,https://www.northatlanticseed.com/product/ya-smell-me-key-lime-pie-drop-f/,"['structured', 'description', 'patterns', 'fallback']",2026-01-09T23:58:19.370557,Feminized,Photoperiod,Ya Hemi x Key Lime Pie,Feminized Photoperiod,55 - 65 days,,,Sin City Seeds,Buy Ya Smell Me [KEY LIME PIE DROP] (F) online from North Atlantic Seed Co. Voted #1 by the ICA Cannabis Awards. Fast shipping & premium genetics.,Ya Smell Me Key Lime Pie Drop F,62.7,High,,,Hybrid,,,,
North Atlantic Seed Company,https://www.northatlanticseed.com/product/ethos-xxx-x-ocifer-tester/,"['structured', 'description', 'patterns', 'fallback']",2026-01-09T23:58:19.553569,Feminized,Photoperiod,"and experience some of the dankest strains from the Brothers Grimm Seeds family, this time with “383 Tahoe” at the helm",,,,,Brothers Grimm Seeds,Buy Ethos XXX x Ocifer [TESTER] online from North Atlantic Seed Co. Voted #1 by the ICA Cannabis Awards. Fast shipping & premium genetics.,Ethos Xxx X Ocifer Tester,48.2,Medium,,,,,,,
North Atlantic Seed Company,https://www.northatlanticseed.com/product/xxx-f/,"['structured', 'description', 'patterns', 'fallback']",2026-01-09T23:58:19.803945,Feminized,Photoperiod,"> XXX (LEMON BERRY CANDY OG x END GAME PUNCH LINE #3)

Pungent Terpenes
Beginning Friendly
Fast Flowering Time

Extraordinary and LOUD AF, her terpenes make her truly special with sweet berries, grapes and pineapple, along with candied lemon",,55 - 65 days,Average,"Sweet Berries, Pineapple, Synthetic Grape",Ethos Genetics,Buy XXX (F) online from North Atlantic Seed Co. Voted #1 by the ICA Cannabis Awards. Fast shipping & premium genetics.,Xxx F,72.3,High,,,,,,,
North Atlantic Seed Company,https://www.northatlanticseed.com/product/auto-xl-auto/,"['structured', 'description', 'patterns', 'fallback']",2026-01-09T23:58:19.998169,Feminized,Autoflower,Auto XL Auto,,,,,Pick and Mix,Buy Auto XL Auto online from North Atlantic Seed Co. Voted #1 by the ICA Cannabis Awards. Fast shipping & premium genetics.,Auto Xl,48.2,Medium,,,,,,,
North Atlantic Seed Company,https://www.northatlanticseed.com/product/premium-x-slurricane-44-f-slurricane-44-drop/,"['structured', 'description', 'patterns', 'fallback']",2026-01-09T23:58:20.189970,Feminized,Photoperiod,"> PREMIUM X SLURRICANE #44 > (PREMIUM X SLURRICANE #44)

*Pre-release! Full drop restock later this year!

Feminized Photoperiod",,,,,In House Genetics,Buy Premium X Slurricane #44 (F) [Slurricane #44 Drop] online from North Atlantic Seed Co. Voted #1 by the ICA Cannabis Awards. Fast shipping & premium genetics.,Premium X Slurricane 44 F Slurricane 44,48.2,Medium,,,,,,,
North Atlantic Seed Company,https://www.northatlanticseed.com/product/wrank-s1-f-ethos-4-20-drop/,"['structured', 'description', 'patterns', 'fallback']",2026-01-09T23:58:20.385714,Feminized,Photoperiod,"> WRANK S1 (WRANK #5 x WRANK #5)



STATS:
Variety: Fem Photo
Flowering Time: 56-63 days
Yield: Heavy




TERPENES:
Floral
Citrus
Gas




FYI:
Tangerine sized nugs cover its deep canopy",,55 - 65 days,"Heavy




TERPENES:
Floral
Citrus
Gas




FYI:
Tangerine sized nugs cover its deep canopy",Floral; Citrus; Gas,Ethos Genetics,Buy Wrank S1 (F) [ETHOS 4/20 DROP] online from North Atlantic Seed Co. Voted #1 by the ICA Cannabis Awards. Fast shipping & premium genetics.,Wrank S1 F Ethos 4 20,72.3,High,,,,,,,
North Atlantic Seed Company,https://www.northatlanticseed.com/product/wrank-r2-f/,"['structured', 'description', 'patterns', 'fallback']",2026-01-09T23:58:20.594683,Feminized,Photoperiod,"> WRANK R2 (STRAWBERRY OG COOKIES X END GAME 3) x (STRAWBERRY OG COOKIES X END GAME 3)

Unique Boutique
Pungent Terpenes
High Yield
Appetite Booster

Wrank R2 is extremely hard-hitting and super pungent",,60 - 70 days,"Appetite Booster

Wrank R2 is extremely hard-hitting and super pungent","Rotting Meat, Strawberries, Sandalwood",Ethos Genetics,Buy Wrank R2 (F) online from North Atlantic Seed Co. Voted #1 by the ICA Cannabis Awards. Fast shipping & premium genetics.,Wrank R2 F,72.3,High,,,,,,,
North Atlantic Seed Company,https://www.northatlanticseed.com/product/wonder-pie/,"['structured', 'description', 'patterns', 'fallback']",2026-01-09T23:58:20.815910,Feminized,Photoperiod,ing Wedding Cake with a special selection of OG Kush plants,"Feminized Photoperiod, Hybrid Feminized, Hybrid Photoperiod",60 - 70 days,possible from Wonder Pie it is recommended to top and train it whether growing indoors or outdoors,"Fruity, Fuel, Sweet",Greenhouse Seed Co.,Buy Wonder Pie (F) online from North Atlantic Seed Co. Voted #1 by the ICA Cannabis Awards. Fast shipping & premium genetics.,Wonder Pie,92.8,Premium,and is therefore suitable for both day-time and night-time consumption,Hybrid,,,during the flowering phase,,
North Atlantic Seed Company,https://www.northatlanticseed.com/product/3-wok-og-auto/,"['structured', 'description', 'patterns', 'fallback']",2026-01-09T23:58:21.003767,Feminized,Autoflower,"> 3 WOK OG AUTO (SKYWALKER X 3 BEARS OG)





One of two strains from this year’s Limited Edition lineup that has never been available for sale before, 3wok OG started off life as a US freebie in 2019",Feminized Autoflower,60 - 70 days,"s generously, and what she yields is next level in quality",,Mephisto Genetics Autos,Buy 3 Wok OG Auto online from North Atlantic Seed Co. Voted #1 by the ICA Cannabis Awards. Fast shipping & premium genetics.,3 Wok Og,86.7,Premium,,Indica Dominant (60%+),Indica Dominant Hybrid,60-90 cm,,,
North Atlantic Seed Company,https://www.northatlanticseed.com/product/witches-breath-f-limited/,"['structured', 'description', 'patterns', 'fallback']",2026-01-09T23:58:21.173990,Feminized,Photoperiod,"of OGKB x Black Widow, this photoperiod limited edition hybrid is here for one season only",,55 - 65 days,"~75g per plant (indoor, post-dry)",,Supernatural Seeds,Buy Witches Breath (F) [LIMITED] online from North Atlantic Seed Co. Voted #1 by the ICA Cannabis Awards. Fast shipping & premium genetics.,Witches Breath F Limited,71.1,High,"— delivering a spooky, once-in-a-lifetime hybrid",,,,,,
North Atlantic Seed Company,https://www.northatlanticseed.com/product/witchers-creek-auto/,"['structured', 'description', 'patterns', 'fallback']",2026-01-09T23:58:21.368942,Feminized,Autoflower,was Bobby's Swirled ( Crinkled Cookies x Bobby's Widow),"Hybrid Autoflower, Feminized Autoflower",,,,Gnome Automatics,Buy Witcher’s Creek Auto online from North Atlantic Seed Co. Voted #1 by the ICA Cannabis Awards. Fast shipping & premium genetics.,Witchers Creek,62.7,High,,Hybrid,,,,,
North Atlantic Seed Company,https://www.northatlanticseed.com/product/wild-strawberry-f1-auto/,"['structured', 'description', 'patterns', 'fallback']",2026-01-09T23:58:21.587618,Feminized,Autoflower,"presents the Wild Strawberry F1 Auto, a sativa-dominant strain combining the energising power of Strawberry Amnesia with the exotic sweetness of Forbidden Fruitz",Feminized Autoflower,60 - 70 days,of 450-500g/m² and a flowering time of 8-10 weeks,,Tastebudz,Buy Wild Strawberry F1 Auto online from North Atlantic Seed Co. Voted #1 by the ICA Cannabis Awards. Fast shipping & premium genetics.,Wild Strawberry F1,85.5,Premium,", making each session a sensory treat",Sativa Dominant (60%+),Sativa Dominant Hybrid,,,,
North Atlantic Seed Company,https://www.northatlanticseed.com/product/wild-flower-f/,"['structured', 'description', 'patterns', 'fallback']",2026-01-09T23:58:21.784053,Feminized,Photoperiod,Midori Sour x Lazer Wolf,,56 - 70 days,,,Ziplock Seeds,Buy Wild Flower (F) online from North Atlantic Seed Co. Voted #1 by the ICA Cannabis Awards. Fast shipping & premium genetics.,Wild Flower F,74.7,High,,Hybrid,,Medium,,,
North Atlantic Seed Company,https://www.northatlanticseed.com/product/wild-fire-f-limited/,"['structured', 'description', 'patterns', 'fallback']",2026-01-09T23:58:21.962685,Feminized,Photoperiod,"> WILD FIRE (33RD DEGREE x SLURRICANE #23)

Lineage: 33rd degree × Slurricane #23

Flowering Time: 65–70 days

Stretch: Strong

Height: Tall

Yield: Medium–High

Grow Tips: Requires topping and support; strong OG aroma",,,"Medium–High

Grow Tips: Requires topping and support; strong OG aroma",,In House Genetics,Buy Wild Fire (F) [LIMITED] online from North Atlantic Seed Co. Voted #1 by the ICA Cannabis Awards. Fast shipping & premium genetics.,Wild Fire F Limited,72.3,High,s,Hybrid,,Tall,"Tall

Yield: Medium–High

Grow Tips: Requires topping and support; strong OG aroma",,
North Atlantic Seed Company,https://www.northatlanticseed.com/product/new-wifi-og-f/,"['structured', 'description', 'patterns', 'fallback']",2026-01-09T23:58:22.175600,Feminized,Photoperiod,ing Fire OG x The White,"Feminized Photoperiod, Hybrid Feminized, Hybrid Photoperiod",56 - 70 days,"Indoor; 1.64 – 2.16 oz/ft², 500 – 660 gr/m²; Outdoor; 21 – 28 oz/plant, 600 – 800 gr/plant","Alpha Cedrene, Alpha-Pinene, Alpha-Terpineol, Borneol, Camphene, Citral, Delta-limonene, Eugenol, Fenchol, Linalool, Nerolidol, Orange Terpenes, Phytol, Terpinolene",Blimburn Seeds,Buy Wifi OG (F) online from North Atlantic Seed Co. Voted #1 by the ICA Cannabis Awards. Fast shipping & premium genetics.,New Wifi Og F,100,Premium,Wifi OG Hybrid gives off an amazing terpene profile,Hybrid,,"3.94 ft, 1.2 m",,,
North Atlantic Seed Company,https://www.northatlanticseed.com/product/widow-remedy-r/,"['structured', 'description', 'patterns', 'fallback']",2026-01-09T23:58:22.366746,Regular,Photoperiod,"ing Tijuana Sativa with Kerala which created a beautiful Sativa dominant plant, flowering with high levels of cannabinoids",Regular M/F Photoperiod,55 - 65 days,", shorten the flowering period and the added bonus of increased CBD potency in the final selection",,Barney's Farm,Buy Widow Remedy (R) online from North Atlantic Seed Co. Voted #1 by the ICA Cannabis Awards. Fast shipping & premium genetics.,Widow Remedy R,75.9,High,"ive cure for pain relief, insomnia and comfort for nausea",,,,,,.
North Atlantic Seed Company,https://www.northatlanticseed.com/product/wicked-witch-auto/,"['structured', 'description', 'patterns', 'fallback']",2026-01-09T23:58:22.566514,Feminized,Autoflower,ed to the Witch Doctor to create a more potent version of our signature strain,Feminized Autoflower,,Good,"Gas, Skunky",Magic Strains,Buy Wicked Witch Auto online from North Atlantic Seed Co. Voted #1 by the ICA Cannabis Awards. Fast shipping & premium genetics.,Wicked Witch,74.7,High,,,,Medium/Tall,,,
North Atlantic Seed Company,https://www.northatlanticseed.com/product/new-white-widow-xxl-auto/,"['structured', 'description', 'patterns', 'fallback']",2026-01-09T23:58:22.806195,Feminized,Autoflower,"of a Brazilian Sativa X super resinous South Indian Indica, expertly fused with our Barneys Farm Super Auto #1",,70 - 80 days,Indoors: 450-550 gr/m2; Outdoors: 180-250 gr/plant,"Sweet Pungent, Fruity, Spicy Pine",Barney's Farm,Buy White Widow XXL Auto online from North Atlantic Seed Co. Voted #1 by the ICA Cannabis Awards. Fast shipping & premium genetics.,New White Widow Xxl,89.2,Premium,,Indica Dominant (60%+),,Indoors: 80-100 cm; Outdoors: 100-120 cm.,s 80-100cm indoors 100-120cm outdoors and reaches maturity in a rapid 70-75 days from seed,,
North Atlantic Seed Company,https://www.northatlanticseed.com/product/new-white-widow-xxl-f/,"['structured', 'description', 'patterns', 'fallback']",2026-01-09T23:58:23.069456,Feminized,Photoperiod,Brazilian x South Indian,,63 days,Indoors: 600-700 gr/m2; Outdoors: up to 2000 gr/plant,Sweet Pungent Fruity Spicy Pine,Barney's Farm,Buy White Widow XXL (F) online from North Atlantic Seed Co. Voted #1 by the ICA Cannabis Awards. Fast shipping & premium genetics.,New White Widow Xxl F,89.2,Premium,,Indica Dominant (60%+),,Indoors: 100-120 cm; Outdoors: 150-200cm.,"s of 100-120cm can be achieved, outdoors 2 metres with relative ease",,
North Atlantic Seed Company,https://www.northatlanticseed.com/product/original-auto-white-widow/,"['structured', 'description', 'patterns', 'fallback']",2026-01-09T23:58:23.287789,Feminized,Autoflower,"that need a sturdy reliable strain that can be left to grow, with very little maintenance",,63 days,400-500gr/m2,"Savory, Spices, Dried Fruits",Fast Buds,Buy Original Auto White Widow online from North Atlantic Seed Co. Voted #1 by the ICA Cannabis Awards. Fast shipping & premium genetics.,Original Auto White Widow,95.2,Premium,are relaxing and great for social scenarios,Indica Dominant (60%+),,70-110 cm,,,
North Atlantic Seed Company,https://www.northatlanticseed.com/product/white-widow-auto-5/,"['structured', 'description', 'patterns', 'fallback']",2026-01-09T23:58:23.477511,Feminized,Autoflower,,Feminized Autoflower,70 - 80 days,300gr/m²,"Spicy, Earthy",Auto Seeds,Buy White Widow Auto online from North Atlantic Seed Co. Voted #1 by the ICA Cannabis Awards. Fast shipping & premium genetics.,White Widow Auto 5,74.7,High,,,Hybrid,80cm-120cm,,,
North Atlantic Seed Company,https://www.northatlanticseed.com/product/white-widow-auto-3/,"['structured', 'description', 'patterns', 'fallback']",2026-01-09T23:58:23.673923,Feminized,Autoflower,the many breeders we work with,,56 - 70 days,"s, and intense high","Alpha-Pinene, Beta-Caryophyllene, Caryophyllene, Guaiol, Humulene, Isopulegol, Neryl-acetate",Pick and Mix,Buy White Widow Auto online from North Atlantic Seed Co. Voted #1 by the ICA Cannabis Awards. Fast shipping & premium genetics.,White Widow Auto 3,89.2,Premium,,"Hybrid, Sativa Dominant (60%+)",,3.61 ft,"to translate to roughly one gram of dried bud and at 70-80cm, the yield is pretty generous",,
North Atlantic Seed Company,https://www.northatlanticseed.com/product/white-widow-auto-6/,"['structured', 'description', 'patterns', 'fallback']",2026-01-09T23:58:23.941286,Feminized,Autoflower,White Widow x White Widow,,65 - 75 days,Above Average,"Cake, Cookie, Candy",Atlas Seed,Buy White Widow Auto [SPRING 2025 DROP] online from North Atlantic Seed Co. Voted #1 by the ICA Cannabis Awards. Fast shipping & premium genetics.,White Widow Auto 6,81.9,Premium,,Hybrid,,,,,
North Atlantic Seed Company,https://www.northatlanticseed.com/product/white-widow-auto-4/,"['structured', 'description', 'patterns', 'fallback']",2026-01-09T23:58:24.161647,Feminized,Autoflower,"of a classic Dutch strain, White Widow, recognised by most smokers and growers as an absolute classic strain",Feminized Autoflower,75 - 85 days,"of White Widow Automatic
The buds, despite their hybrid genetics, display an indica appearance and effect",,Royal Queen Seeds,Buy White Widow Auto online from North Atlantic Seed Co. Voted #1 by the ICA Cannabis Awards. Fast shipping & premium genetics.,White Widow Auto 4,77.1,High,s,,Hybrid,Indoor:40 - 80 cm; Outdoor: 50 - 110 cm,"of around 50cm, with some larger plants reaching 100cm",,
North Atlantic Seed Company,https://www.northatlanticseed.com/product/white-widow-auto-2/,"['structured', 'description', 'patterns', 'fallback']",2026-01-09T23:58:24.370962,Feminized,Autoflower,White Widow x Ruderalis,Feminized Autoflower,60 - 70 days,s as high as 600 gr/m2 if given plenty of light - Greenhouse Seeds recommend 12 - 18 hours per day but the best harvests will be produced with 18 hours of light per 24,,Greenhouse Seed Co.,Buy White Widow Auto online from North Atlantic Seed Co. Voted #1 by the ICA Cannabis Awards. Fast shipping & premium genetics.,White Widow Auto 2,75.9,High,"is not too dissimilar from the original photo-period strain with a fast, hard, complex body-stone followed by its evolution into something rather more cerebral",,Hybrid,,,,
North Atlantic Seed Company,https://www.northatlanticseed.com/product/white-widow-f/,"['structured', 'description', 'patterns', 'fallback']",2026-01-09T23:58:24.562202,Feminized,Photoperiod,the many breeders we work with,,56 - 70 days,"s are average indoors and outdoors, but there is nothing average about the quality of this strain","Alpha-Pinene, Beta-Caryophyllene, Caryophyllene, Guaiol, Humulene, Isopulegol, Neryl-acetate",Pick and Mix,Buy White Widow (F) online from North Atlantic Seed Co. Voted #1 by the ICA Cannabis Awards. Fast shipping & premium genetics.,White Widow F,89.2,Premium,,"Hybrid, Sativa Dominant (60%+)",,"9.84 ft, 3 m",,,
North Atlantic Seed Company,https://www.northatlanticseed.com/product/white-widow-f-2/,"['structured', 'description', 'patterns', 'fallback']",2026-01-09T23:58:24.762742,Feminized,Photoperiod,in a next-gen experience that you won’t soon forget,"Feminized Photoperiod, Hybrid Feminized, Hybrid Photoperiod",56 - 70 days,"s And Manageable Growth
Our White Widow feminized grows to about 1m tall indoors, reaching up to 2m outside","Myrcene, Pinene, and Caryophyllene",Royal Queen Seeds,Buy White Widow (F) online from North Atlantic Seed Co. Voted #1 by the ICA Cannabis Awards. Fast shipping & premium genetics.,White Widow F 2,100,Premium,"from smoking White Widow are consistent with that of the best sativa-dominant plants, offering users a stellar, almost psychedelic high",Hybrid,50% Indica / 50% Sativa,Indoor: 60 - 100 cm; Outdoor: 150 - 190 cm,,,
North Atlantic Seed Company,https://www.northatlanticseed.com/product/white-widow/,"['structured', 'description', 'patterns', 'fallback']",2026-01-09T23:58:24.994554,Feminized,Photoperiod,ing Brazilian and Indian strains,"Feminized Photoperiod, Indica Feminized, Indica Photoperiod",50 - 60 days,"of White Widow
White Widow is a fast bloomer with a good yield","Spicy, piney aroma, with citrus undertones.",Dutch Passion,Buy White Widow (F) online from North Atlantic Seed Co. Voted #1 by the ICA Cannabis Awards. Fast shipping & premium genetics.,White Widow,92.8,Premium,"of White Widow
The extremely white buds of our White Widow warn of the powerful effects that will follow",Indica (90%+),,,,-,
North Atlantic Seed Company,https://www.northatlanticseed.com/product/white-widow-f-3/,"['structured', 'description', 'patterns', 'fallback']",2026-01-09T23:58:25.812417,Feminized,Photoperiod,"> WHITE WIDOW (BRAZILIAN SATIVA LANDRACE X SOUTH INDIAN INDICA)

Most consumers seek the uplifting, rejuvenating impact",,55 - 65 days,s,"Myrcene, Caryophyllene, Humulene, Alpha-pinene",DNA Genetics,Buy White Widow (F) online from North Atlantic Seed Co. Voted #1 by the ICA Cannabis Awards. Fast shipping & premium genetics.,White Widow F 3,81.9,Premium,,Hybrid,,3 Feet Tall,,.,
North Atlantic Seed Company,https://www.northatlanticseed.com/product/white-widow-2/,"['structured', 'description', 'patterns', 'fallback']",2026-01-09T23:58:26.059541,Feminized,Photoperiod,of a Brazilian and a South Indian (Keralan) plant,"Feminized Photoperiod, Indica Feminized, Indica Photoperiod",50 - 60 days,s of 800 gr/m2 in an eight week flowering time,,Greenhouse Seed Co.,Buy White Widow (F) online from North Atlantic Seed Co. Voted #1 by the ICA Cannabis Awards. Fast shipping & premium genetics.,White Widow 2,85.5,Premium,is really quite special and rather complex,Indica (90%+),,,,-,
North Atlantic Seed Company,https://www.northatlanticseed.com/product/white-wedding/,"['structured', 'description', 'patterns', 'fallback']",2026-01-09T23:58:26.242423,Feminized,Photoperiod,"> WHITE WEDDING RBX (WEDDING CAKE X MANDARIN COOKIES X CRESCENDO)

Pungent Terpenes
Chunky & Dense
Thrives Indoors & Outdoors
Relaxed

She’s a beast! Extremely dense and large flowers coated in trichomes and rich, complex terpenes that coat the senses",,60 - 70 days,Chunky AF!,"Sour Gasoline, Incense & Pine, Cherries & Mandarin Oranges",Ethos Genetics,Buy White Wedding Rbx (F) online from North Atlantic Seed Co. Voted #1 by the ICA Cannabis Awards. Fast shipping & premium genetics.,White Wedding,72.3,High,,,,,,,
North Atlantic Seed Company,https://www.northatlanticseed.com/product/white-truffles-x-genius-tester-f/,"['structured', 'description', 'patterns', 'fallback']",2026-01-09T23:58:26.437211,Feminized,Photoperiod,"in your garden with MrSoul’s latest creation, White Truffles x Genius",,,,,Brothers Grimm Seeds,Buy White Truffles x Genius [TESTER] (F) online from North Atlantic Seed Co. Voted #1 by the ICA Cannabis Awards. Fast shipping & premium genetics.,White Truffles X Genius Tester F,48.2,Medium,,,,,,,
North Atlantic Seed Company,https://www.northatlanticseed.com/product/white-serpent-f/,"['structured', 'description', 'patterns', 'fallback']",2026-01-09T23:58:26.598724,Feminized,Photoperiod,Forbidden Fruit x White Truffles,Feminized Photoperiod,60 - 70 days,for being a purple strain,"Loud Sweet, Rotten Fruit",Elev8 Seeds,Buy White Serpent (F) online from North Atlantic Seed Co. Voted #1 by the ICA Cannabis Awards. Fast shipping & premium genetics.,White Serpent F,77.1,High,,,Hybrid,,,,
North Atlantic Seed Company,https://www.northatlanticseed.com/product/white-runtz-x-dantes-inferno-f/,"['structured', 'description', 'patterns', 'fallback']",2026-01-09T23:58:26.800874,Feminized,Photoperiod,White Runtz x Dante's Inferno,,,,,Tiki Madman,Buy White Runtz x Dante’s Inferno (F) online from North Atlantic Seed Co. Voted #1 by the ICA Cannabis Awards. Fast shipping & premium genetics.,White Runtz X Dantes Inferno F,48.2,Medium,,,,,,,
North Atlantic Seed Company,https://www.northatlanticseed.com/product/white-runtz-f-2/,"['structured', 'description', 'patterns', 'fallback']",2026-01-09T23:58:27.014065,Feminized,Photoperiod,in an Indica-dominant ratio (55/45),,56 - 70 days,s up to 550g/m² under optimal conditions,"Sweet Citrus, Pine, Candy, Diesel",Barney's Farm,Buy White Runtz (F) online from North Atlantic Seed Co. Voted #1 by the ICA Cannabis Awards. Fast shipping & premium genetics.,White Runtz F 2,95.2,Premium,manifest through multiple phases of experience,Indica Dominant (60%+),,"Indoor: 120-140 cm
Outdoor: 225 cm","s between 120 and 140cm, producing substantial yields up to 550g/m² under optimal conditions",,
North Atlantic Seed Company,https://www.northatlanticseed.com/product/white-runtz-fast/,"['structured', 'description', 'patterns', 'fallback']",2026-01-09T23:58:27.222084,Feminized,Fast Flowering,top quality genetics,Fast Flowering Photoperiod,,", vigorous growth and overall low maintenance characteristics",,Humboldt Seed Organization,Buy White Runtz FAST online from North Atlantic Seed Co. Voted #1 by the ICA Cannabis Awards. Fast shipping & premium genetics.,White Runtz Fast,69.9,High,,Indica Dominant (60%+),Indica Dominant Hybrid,,,,
North Atlantic Seed Company,https://www.northatlanticseed.com/product/white-runtz-f/,"['structured', 'description', 'patterns', 'fallback']",2026-01-09T23:58:27.382645,Feminized,Photoperiod,,Feminized Photoperiod,,,,Blimburn Seeds,Buy White Runtz (F) online from North Atlantic Seed Co. Voted #1 by the ICA Cannabis Awards. Fast shipping & premium genetics.,White Runtz F,43.4,Medium,,,,,,,
North Atlantic Seed Company,https://www.northatlanticseed.com/product/white-runtz-BX-f2-r/,"['structured', 'description', 'patterns', 'fallback']",2026-01-09T23:58:27.584412,Regular,Photoperiod,White Runtz Bx F2,Regular M/F Photoperiod,,,,Tiki Madman,Buy White Runtz Bx F2 (R) online from North Atlantic Seed Co. Voted #1 by the ICA Cannabis Awards. Fast shipping & premium genetics.,White Runtz Bx F2 R,53,Medium,,,,,,,
North Atlantic Seed Company,https://www.northatlanticseed.com/product/new-white-rhino-f/,"['structured', 'description', 'patterns', 'fallback']",2026-01-09T23:58:27.765915,Feminized,Photoperiod,Afghan x Brazilian x South Indian,"Feminized Photoperiod, Indica Feminized, Indica Photoperiod","55 - 65 days, Outdoor: Early to Mid October",up to 900 gr/m,,Greenhouse Seed Co.,Buy White Rhino (F) online from North Atlantic Seed Co. Voted #1 by the ICA Cannabis Awards. Fast shipping & premium genetics.,New White Rhino F,85.5,Premium,Sweet fruity taste with an intense and long-lasting stoned and narcotic effect,Indica (90%+),80% Indica / 20% Sativa,,,20,0
North Atlantic Seed Company,https://www.northatlanticseed.com/product/new-white-peanut-r/,"['structured', 'description', 'patterns', 'fallback']",2026-01-09T23:58:27.989489,Regular,Photoperiod,White Runtz X Peanut Butter Runtz,Regular M/F Photoperiod,,,,Thug Pug,Buy White Peanut (R) online from North Atlantic Seed Co. Voted #1 by the ICA Cannabis Awards. Fast shipping & premium genetics.,New White Peanut R,53,Medium,,,,,,,
North Atlantic Seed Company,https://www.northatlanticseed.com/product/white-nightmare-f2-r/,"['structured', 'description', 'patterns', 'fallback']",2026-01-09T23:58:28.173901,Regular,Photoperiod,White Moonshine X Blue Dream,Regular M/F Photoperiod,50 - 60 days,500-1000g Per square meter,,Sin City Seeds,Buy White Nightmare F2 (R) online from North Atlantic Seed Co. Voted #1 by the ICA Cannabis Awards. Fast shipping & premium genetics.,White Nightmare F2 R,79.5,High,,Sativa Dominant (60%+),Sativa Dominant Hybrid,,,,
North Atlantic Seed Company,https://www.northatlanticseed.com/product/white-nightmare-BX-r/,"['structured', 'description', 'patterns', 'fallback']",2026-01-09T23:58:28.393276,Regular,Photoperiod,Nightmare Cookies x White Nightmare,Regular M/F Photoperiod,50 - 60 days,500-1000g Per square meter,,Sin City Seeds,Buy White Nightmare BX (R) online from North Atlantic Seed Co. Voted #1 by the ICA Cannabis Awards. Fast shipping & premium genetics.,White Nightmare Bx R,79.5,High,,Sativa Dominant (60%+),Sativa Dominant Hybrid,,,,
North Atlantic Seed Company,https://www.northatlanticseed.com/product/white-inferno-f/,"['structured', 'description', 'patterns', 'fallback']",2026-01-09T23:58:28.560783,Feminized,Photoperiod,"right here!!!
Testing went amazing!!! Very large producer of Absolutely Stinky stanky funky gyals! Terps are Terpentine, White Truffle and Sweet Creamy Lime on most phenos with very little pheno variation",Feminized Photoperiod,,,"Terpentine, White Truffle and Sweet Creamy Lime",,Buy White Inferno (F) online from North Atlantic Seed Co. Voted #1 by the ICA Cannabis Awards. Fast shipping & premium genetics.,White Inferno F,48.2,Medium,,,,,,,
